293
740
818
376
827
555
8
366
593
390
98
959
372
502
66
835
987
49
854
996
203
921
490
154
43
868
526
217
349
682
469
60
157
609
923
766
503
697
696
212
746
420
422
811
954
381
41
510
304
421
489
668
768
181
478
623
693
30
477
721
692
191
557
247
780
576
114
75
577
861
137
788
675
231
838
943
718
197
899
310
636
206
939
473
701
625
952
80
627
245
855
67
313
597
652
88
460
520
16
755
850
315
970
306
859
711
288
842
124
938
547
742
649
89
444
536
752
804
956
182
471
791
534
579
294
523
741
456
974
624
271
261
329
29
671
626
72
10
186
632
918
404
232
739
784
240
138
461
525
76